Payload,CruiseSpeed,FleetSize,PayloadFraction,FuelTankFraction,FinenessRatio,Y
14.63963964,45.785785786,1,0.3,0.05,3,
14.864864865,88.628628629,1,0.3,0.05,3,
9.1441441441,73.893893894,1,0.3,0.05,3,
38.918918919,58.518518519,1,0.3,0.05,3,
18.873873874,22.642642643,1,0.3,0.05,3,
11.756756757,90.950950951,1,0.3,0.05,3,
13.558558559,91.751751752,1,0.3,0.05,3,
21.936936937,91.511511512,1,0.3,0.05,3,
13.918918919,78.778778779,1,0.3,0.05,3,
22.702702703,20.24024024,1,0.3,0.05,3,
49.369369369,98.078078078,1,0.3,0.05,3,
9.8198198198,44.424424424,1,0.3,0.05,3,
37.072072072,97.677677678,1,0.3,0.05,3,
13.288288288,62.362362362,1,0.3,0.05,3,
44.54954955,32.172172172,1,0.3,0.05,3,
38.018018018,26.566566567,1,0.3,0.05,3,
26.216216216,84.704704705,1,0.3,0.05,3,
10.225225225,79.65965966,1,0.3,0.05,3,
22.477477477,32.812812813,1,0.3,0.05,3,
27.477477477,89.029029029,1,0.3,0.05,3,
26.981981982,49.469469469,1,0.3,0.05,3,
6.0810810811,66.046046046,1,0.3,0.05,3,
23.018018018,35.775775776,1,0.3,0.05,3,
41.621621622,58.678678679,1,0.3,0.05,3,
48.018018018,23.203203203,1,0.3,0.05,3,
33.738738739,53.713713714,1,0.3,0.05,3,
15.810810811,40.42042042,1,0.3,0.05,3,
18.063063063,49.70970971,1,0.3,0.05,3,
40.720720721,95.995995996,1,0.3,0.05,3,
40.855855856,92.072072072,1,0.3,0.05,3,
22.027027027,39.77977978,1,0.3,0.05,3,
27.252252252,26.246246246,1,0.3,0.05,3,
44.954954955,78.058058058,1,0.3,0.05,3,
40.810810811,81.981981982,1,0.3,0.05,3,
18.243243243,29.52952953,1,0.3,0.05,3,
23.738738739,47.787787788,1,0.3,0.05,3,
15.315315315,91.111111111,1,0.3,0.05,3,
31.936936937,23.603603604,1,0.3,0.05,3,
42.702702703,61.321321321,1,0.3,0.05,3,
34.594594595,56.116116116,1,0.3,0.05,3,
13.693693694,20.960960961,1,0.3,0.05,3,
36.531531532,47.947947948,1,0.3,0.05,3,
45.045045045,41.301301301,1,0.3,0.05,3,
48.153153153,57.557557558,1,0.3,0.05,3,
6.8918918919,51.551551552,1,0.3,0.05,3,
9.7747747748,34.254254254,1,0.3,0.05,3,
10.675675676,77.977977978,1,0.3,0.05,3,
32.882882883,67.967967968,1,0.3,0.05,3,
27.657657658,76.056056056,1,0.3,0.05,3,
23.108108108,68.928928929,1,0.3,0.05,3,
34.414414414,41.621621622,1,0.3,0.05,3,
17.612612613,41.221221221,1,0.3,0.05,3,
15.405405405,57.637637638,1,0.3,0.05,3,
32.342342342,48.508508509,1,0.3,0.05,3,
27.792792793,95.195195195,1,0.3,0.05,3,
33.243243243,71.251251251,1,0.3,0.05,3,
17.477477477,20.880880881,1,0.3,0.05,3,
45.09009009,72.052052052,1,0.3,0.05,3,
32.432432432,63.323323323,1,0.3,0.05,3,
32.522522523,89.90990991,1,0.3,0.05,3,
31.846846847,74.454454454,1,0.3,0.05,3,
5.045045045,33.853853854,1,0.3,0.05,3,
37.882882883,76.776776777,1,0.3,0.05,3,
40.540540541,45.945945946,1,0.3,0.05,3,
29.684684685,75.895895896,1,0.3,0.05,3,
35.585585586,88.468468468,1,0.3,0.05,3,
6.1711711712,92.312312312,1,0.3,0.05,3,
5.8108108108,91.591591592,1,0.3,0.05,3,
45.405405405,40.820820821,1,0.3,0.05,3,
13.243243243,63.083083083,1,0.3,0.05,3,
20.765765766,85.025025025,1,0.3,0.05,3,
29.774774775,75.015015015,1,0.3,0.05,3,
40.36036036,28.488488488,1,0.3,0.05,3,
49.774774775,29.84984985,1,0.3,0.05,3,
43.378378378,46.826826827,1,0.3,0.05,3,
10.720720721,20.4004004,1,0.3,0.05,3,
8.5585585586,33.213213213,1,0.3,0.05,3,
14.90990991,55.955955956,1,0.3,0.05,3,
42.972972973,75.655655656,1,0.3,0.05,3,
27.702702703,44.824824825,1,0.3,0.05,3,
12.972972973,20.800800801,1,0.3,0.05,3,
17.117117117,32.092092092,1,0.3,0.05,3,
26.306306306,76.456456456,1,0.3,0.05,3,
19.504504505,71.171171171,1,0.3,0.05,3,
49.72972973,40.34034034,1,0.3,0.05,3,
19.594594595,51.311311311,1,0.3,0.05,3,
44.279279279,86.946946947,1,0.3,0.05,3,
20.045045045,64.284284284,1,0.3,0.05,3,
11.216216216,21.201201201,1,0.3,0.05,3,
14.504504505,97.437437437,1,0.3,0.05,3,
24.72972973,88.548548549,1,0.3,0.05,3,
24.54954955,34.094094094,1,0.3,0.05,3,
35.495495495,90.39039039,1,0.3,0.05,3,
37.252252252,99.199199199,1,0.3,0.05,3,
10.855855856,26.326326326,1,0.3,0.05,3,
33.468468468,65.645645646,1,0.3,0.05,3,
24.90990991,31.131131131,1,0.3,0.05,3,
15.720720721,91.991991992,1,0.3,0.05,3,
5.990990991,36.736736737,1,0.3,0.05,3,
34.504504505,60.36036036,1,0.3,0.05,3,
21.801801802,33.693693694,1,0.3,0.05,3,
26.711711712,97.357357357,1,0.3,0.05,3,
27.432432432,34.014014014,1,0.3,0.05,3,
6.981981982,62.922922923,1,0.3,0.05,3,
6.5765765766,49.229229229,1,0.3,0.05,3,
25.765765766,45.465465465,1,0.3,0.05,3,
25.045045045,24.084084084,1,0.3,0.05,3,
37.747747748,89.98998999,1,0.3,0.05,3,
46.666666667,82.062062062,1,0.3,0.05,3,
36.126126126,32.252252252,1,0.3,0.05,3,
36.576576577,56.356356356,1,0.3,0.05,3,
7.3873873874,95.675675676,1,0.3,0.05,3,
22.387387387,82.862862863,1,0.3,0.05,3,
33.108108108,30.570570571,1,0.3,0.05,3,
14.144144144,95.915915916,1,0.3,0.05,3,
15.18018018,87.987987988,1,0.3,0.05,3,
28.243243243,48.828828829,1,0.3,0.05,3,
14.234234234,92.632632633,1,0.3,0.05,3,
8.5135135135,50.590590591,1,0.3,0.05,3,
18.963963964,55.555555556,1,0.3,0.05,3,
26.171171171,69.72972973,1,0.3,0.05,3,
22.162162162,54.114114114,1,0.3,0.05,3,
49.594594595,37.137137137,1,0.3,0.05,3,
35.27027027,62.522522523,1,0.3,0.05,3,
28.333333333,55.795795796,1,0.3,0.05,3,
39.864864865,38.978978979,1,0.3,0.05,3,
5.6756756757,66.446446446,1,0.3,0.05,3,
19.234234234,34.494494494,1,0.3,0.05,3,
16.981981982,70.610610611,1,0.3,0.05,3,
18.378378378,96.076076076,1,0.3,0.05,3,
15.630630631,92.472472472,1,0.3,0.05,3,
29.009009009,38.738738739,1,0.3,0.05,3,
47.387387387,92.152152152,1,0.3,0.05,3,
35.405405405,46.346346346,1,0.3,0.05,3,
35.945945946,42.422422422,1,0.3,0.05,3,
7.8378378378,70.05005005,1,0.3,0.05,3,
49.63963964,58.598598599,1,0.3,0.05,3,
11.711711712,32.732732733,1,0.3,0.05,3,
23.918918919,81.181181181,1,0.3,0.05,3,
15.765765766,67.407407407,1,0.3,0.05,3,
48.738738739,67.647647648,1,0.3,0.05,3,
21.531531532,77.897897898,1,0.3,0.05,3,
27.027027027,83.663663664,1,0.3,0.05,3,
42.792792793,91.351351351,1,0.3,0.05,3,
27.207207207,87.747747748,1,0.3,0.05,3,
25.45045045,95.035035035,1,0.3,0.05,3,
12.072072072,47.547547548,1,0.3,0.05,3,
49.234234234,39.059059059,1,0.3,0.05,3,
49.009009009,83.023023023,1,0.3,0.05,3,
38.198198198,48.188188188,1,0.3,0.05,3,
18.198198198,90.23023023,1,0.3,0.05,3,
23.333333333,38.418418418,1,0.3,0.05,3,
46.036036036,45.705705706,1,0.3,0.05,3,
45.540540541,50.43043043,1,0.3,0.05,3,
18.468468468,23.283283283,1,0.3,0.05,3,
34.009009009,63.563563564,1,0.3,0.05,3,
33.378378378,68.608608609,1,0.3,0.05,3,
49.414414414,67.567567568,1,0.3,0.05,3,
42.477477477,79.97997998,1,0.3,0.05,3,
5.3603603604,85.185185185,1,0.3,0.05,3,
29.144144144,71.091091091,1,0.3,0.05,3,
35.630630631,54.434434434,1,0.3,0.05,3,
21.351351351,51.391391391,1,0.3,0.05,3,
34.189189189,21.841841842,1,0.3,0.05,3,
18.738738739,75.575575576,1,0.3,0.05,3,
11.846846847,85.905905906,1,0.3,0.05,3,
28.783783784,56.676676677,1,0.3,0.05,3,
47.342342342,60.920920921,1,0.3,0.05,3,
47.612612613,54.674674675,1,0.3,0.05,3,
26.846846847,83.263263263,1,0.3,0.05,3,
7.5675675676,57.797797798,1,0.3,0.05,3,
31.801801802,46.586586587,1,0.3,0.05,3,
45.18018018,58.038038038,1,0.3,0.05,3,
37.567567568,98.158158158,1,0.3,0.05,3,
41.216216216,67.487487487,1,0.3,0.05,3,
30.225225225,34.174174174,1,0.3,0.05,3,
36.486486486,42.182182182,1,0.3,0.05,3,
32.792792793,59.95995996,1,0.3,0.05,3,
42.117117117,92.552552553,1,0.3,0.05,3,
43.738738739,96.236236236,1,0.3,0.05,3,
37.387387387,73.173173173,1,0.3,0.05,3,
47.027027027,38.658658659,1,0.3,0.05,3,
30.45045045,91.671671672,1,0.3,0.05,3,
46.171171171,27.127127127,1,0.3,0.05,3,
43.153153153,60.680680681,1,0.3,0.05,3,
11.036036036,29.92992993,1,0.3,0.05,3,
26.621621622,36.256256256,1,0.3,0.05,3,
27.072072072,27.847847848,1,0.3,0.05,3,
27.342342342,97.197197197,1,0.3,0.05,3,
17.387387387,25.125125125,1,0.3,0.05,3,
8.6936936937,24.724724725,1,0.3,0.05,3,
41.801801802,82.302302302,1,0.3,0.05,3,
15.135135135,93.193193193,1,0.3,0.05,3,
7.7927927928,42.902902903,1,0.3,0.05,3,
39.63963964,46.426426426,1,0.3,0.05,3,
24.684684685,94.874874875,1,0.3,0.05,3,
45.225225225,31.691691692,1,0.3,0.05,3,
47.837837838,45.625625626,1,0.3,0.05,3,
14.054054054,73.413413413,1,0.3,0.05,3,
42.027027027,93.033033033,1,0.3,0.05,3,
43.873873874,81.821821822,1,0.3,0.05,3,
40.225225225,56.036036036,1,0.3,0.05,3,
42.522522523,52.592592593,1,0.3,0.05,3,
31.036036036,93.353353353,1,0.3,0.05,3,
20.900900901,93.113113113,1,0.3,0.05,3,
30.495495495,91.831831832,1,0.3,0.05,3,
16.351351351,69.009009009,1,0.3,0.05,3,
15.900900901,46.266266266,1,0.3,0.05,3,
45.855855856,27.767767768,1,0.3,0.05,3,
44.81981982,21.281281281,1,0.3,0.05,3,
5,63.723723724,1,0.3,0.05,3,
36.846846847,53.153153153,1,0.3,0.05,3,
32.252252252,61.721721722,1,0.3,0.05,3,
23.963963964,42.502502503,1,0.3,0.05,3,
32.207207207,20.48048048,1,0.3,0.05,3,
25.27027027,64.764764765,1,0.3,0.05,3,
23.243243243,93.913913914,1,0.3,0.05,3,
37.207207207,39.93993994,1,0.3,0.05,3,
21.666666667,79.8998999,1,0.3,0.05,3,
24.054054054,51.231231231,1,0.3,0.05,3,
30.315315315,64.524524525,1,0.3,0.05,3,
49.54954955,39.6996997,1,0.3,0.05,3,
41.576576577,51.151151151,1,0.3,0.05,3,
18.693693694,86.546546547,1,0.3,0.05,3,
17.162162162,87.187187187,1,0.3,0.05,3,
16.666666667,25.445445445,1,0.3,0.05,3,
34.54954955,81.661661662,1,0.3,0.05,3,
16.306306306,30.09009009,1,0.3,0.05,3,
41.891891892,53.233233233,1,0.3,0.05,3,
28.648648649,85.585585586,1,0.3,0.05,3,
15.990990991,75.975975976,1,0.3,0.05,3,
34.63963964,99.75975976,1,0.3,0.05,3,
19.099099099,82.142142142,1,0.3,0.05,3,
26.126126126,28.568568569,1,0.3,0.05,3,
9.2342342342,50.510510511,1,0.3,0.05,3,
23.288288288,85.105105105,1,0.3,0.05,3,
17.432432432,77.737737738,1,0.3,0.05,3,
37.027027027,40.580580581,1,0.3,0.05,3,
24.774774775,33.613613614,1,0.3,0.05,3,
48.873873874,80.540540541,1,0.3,0.05,3,
29.189189189,89.109109109,1,0.3,0.05,3,
19.009009009,33.133133133,1,0.3,0.05,3,
20.495495495,90.630630631,1,0.3,0.05,3,
15.045045045,38.098098098,1,0.3,0.05,3,
35.855855856,23.843843844,1,0.3,0.05,3,
9.4594594595,97.757757758,1,0.3,0.05,3,
44.144144144,60.600600601,1,0.3,0.05,3,
38.873873874,77.497497497,1,0.3,0.05,3,
48.783783784,86.146146146,1,0.3,0.05,3,
20.585585586,98.558558559,1,0.3,0.05,3,
28.513513514,31.531531532,1,0.3,0.05,3,
35.18018018,97.837837838,1,0.3,0.05,3,
46.081081081,59.479479479,1,0.3,0.05,3,
10.315315315,24.564564565,1,0.3,0.05,3,
8.3333333333,96.876876877,1,0.3,0.05,3,
18.828828829,30.33033033,1,0.3,0.05,3,
9.6846846847,50.03003003,1,0.3,0.05,3,
11.936936937,40.740740741,1,0.3,0.05,3,
44.189189189,80.22022022,1,0.3,0.05,3,
9.0990990991,62.762762763,1,0.3,0.05,3,
8.7837837838,68.368368368,1,0.3,0.05,3,
32.567567568,25.365365365,1,0.3,0.05,3,
16.756756757,74.214214214,1,0.3,0.05,3,
48.468468468,90.15015015,1,0.3,0.05,3,
20.18018018,86.386386386,1,0.3,0.05,3,
38.468468468,76.136136136,1,0.3,0.05,3,
17.882882883,91.191191191,1,0.3,0.05,3,
33.513513514,29.60960961,1,0.3,0.05,3,
24.954954955,61.001001001,1,0.3,0.05,3,
10.27027027,89.82982983,1,0.3,0.05,3,
34.864864865,48.668668669,1,0.3,0.05,3,
17.027027027,57.157157157,1,0.3,0.05,3,
21.576576577,85.985985986,1,0.3,0.05,3,
37.792792793,28.408408408,1,0.3,0.05,3,
11.621621622,74.614614615,1,0.3,0.05,3,
29.414414414,94.154154154,1,0.3,0.05,3,
36.441441441,43.463463463,1,0.3,0.05,3,
20.675675676,24.964964965,1,0.3,0.05,3,
42.882882883,89.429429429,1,0.3,0.05,3,
38.783783784,88.948948949,1,0.3,0.05,3,
25.675675676,53.553553554,1,0.3,0.05,3,
18.423423423,27.047047047,1,0.3,0.05,3,
21.711711712,58.838838839,1,0.3,0.05,3,
34.279279279,93.513513514,1,0.3,0.05,3,
26.351351351,98.638638639,1,0.3,0.05,3,
30.36036036,85.825825826,1,0.3,0.05,3,
16.441441441,43.943943944,1,0.3,0.05,3,
36.171171171,60.520520521,1,0.3,0.05,3,
19.324324324,33.453453453,1,0.3,0.05,3,
35.900900901,25.845845846,1,0.3,0.05,3,
36.216216216,47.467467467,1,0.3,0.05,3,
7.2972972973,51.471471471,1,0.3,0.05,3,
12.612612613,44.744744745,1,0.3,0.05,3,
8.8738738739,22.242242242,1,0.3,0.05,3,
16.711711712,23.523523524,1,0.3,0.05,3,
35.36036036,74.134134134,1,0.3,0.05,3,
42.567567568,43.303303303,1,0.3,0.05,3,
47.792792793,80.700700701,1,0.3,0.05,3,
33.648648649,99.51951952,1,0.3,0.05,3,
42.612612613,70.45045045,1,0.3,0.05,3,
19.63963964,56.436436436,1,0.3,0.05,3,
42.927927928,58.198198198,1,0.3,0.05,3,
18.558558559,35.935935936,1,0.3,0.05,3,
20,53.953953954,1,0.3,0.05,3,
28.693693694,29.289289289,1,0.3,0.05,3,
13.873873874,68.448448448,1,0.3,0.05,3,
11.531531532,79.499499499,1,0.3,0.05,3,
5.5405405405,33.933933934,1,0.3,0.05,3,
11.351351351,81.021021021,1,0.3,0.05,3,
15.540540541,69.169169169,1,0.3,0.05,3,
22.882882883,60.28028028,1,0.3,0.05,3,
47.657657658,70.530530531,1,0.3,0.05,3,
35.315315315,30.25025025,1,0.3,0.05,3,
49.099099099,81.341341341,1,0.3,0.05,3,
16.081081081,61.081081081,1,0.3,0.05,3,
33.918918919,94.954954955,1,0.3,0.05,3,
20.135135135,50.19019019,1,0.3,0.05,3,
30.405405405,55.315315315,1,0.3,0.05,3,
8.1081081081,20.560560561,1,0.3,0.05,3,
27.297297297,65.005005005,1,0.3,0.05,3,
7.4774774775,49.78978979,1,0.3,0.05,3,
35,71.891891892,1,0.3,0.05,3,
44.90990991,83.183183183,1,0.3,0.05,3,
48.693693694,61.241241241,1,0.3,0.05,3,
13.423423423,90.47047047,1,0.3,0.05,3,
39.594594595,52.752752753,1,0.3,0.05,3,
29.594594595,62.682682683,1,0.3,0.05,3,
48.243243243,22.082082082,1,0.3,0.05,3,
15.585585586,72.372372372,1,0.3,0.05,3,
39.72972973,36.096096096,1,0.3,0.05,3,
46.621621622,66.526526527,1,0.3,0.05,3,
45.495495495,59.399399399,1,0.3,0.05,3,
32.387387387,51.711711712,1,0.3,0.05,3,
10.135135135,35.295295295,1,0.3,0.05,3,
14.459459459,35.615615616,1,0.3,0.05,3,
40.18018018,32.972972973,1,0.3,0.05,3,
11.081081081,75.335335335,1,0.3,0.05,3,
20.225225225,66.206206206,1,0.3,0.05,3,
32.657657658,79.81981982,1,0.3,0.05,3,
18.108108108,31.451451451,1,0.3,0.05,3,
35.09009009,37.377377377,1,0.3,0.05,3,
31.891891892,72.612612613,1,0.3,0.05,3,
27.747747748,57.317317317,1,0.3,0.05,3,
11.126126126,72.132132132,1,0.3,0.05,3,
31.441441441,32.572572573,1,0.3,0.05,3,
36.081081081,50.27027027,1,0.3,0.05,3,
28.468468468,23.043043043,1,0.3,0.05,3,
18.513513514,54.834834835,1,0.3,0.05,3,
20.540540541,78.858858859,1,0.3,0.05,3,
39.054054054,50.830830831,1,0.3,0.05,3,
6.2612612613,21.681681682,1,0.3,0.05,3,
18.783783784,33.293293293,1,0.3,0.05,3,
21.261261261,58.438438438,1,0.3,0.05,3,
30.585585586,84.224224224,1,0.3,0.05,3,
38.648648649,20,1,0.3,0.05,3,
36.756756757,71.491491491,1,0.3,0.05,3,
12.522522523,94.394394394,1,0.3,0.05,3,
13.063063063,84.944944945,1,0.3,0.05,3,
12.702702703,30.41041041,1,0.3,0.05,3,
9.954954955,50.35035035,1,0.3,0.05,3,
33.828828829,82.222222222,1,0.3,0.05,3,
30.18018018,45.865865866,1,0.3,0.05,3,
29.369369369,90.31031031,1,0.3,0.05,3,
14.279279279,57.077077077,1,0.3,0.05,3,
29.324324324,69.64964965,1,0.3,0.05,3,
39.234234234,41.941941942,1,0.3,0.05,3,
26.666666667,44.904904905,1,0.3,0.05,3,
48.378378378,97.597597598,1,0.3,0.05,3,
46.351351351,89.269269269,1,0.3,0.05,3,
38.288288288,93.753753754,1,0.3,0.05,3,
32.702702703,20.16016016,1,0.3,0.05,3,
19.684684685,77.097097097,1,0.3,0.05,3,
9.3243243243,68.208208208,1,0.3,0.05,3,
28.963963964,46.746746747,1,0.3,0.05,3,
19.054054054,34.654654655,1,0.3,0.05,3,
37.927927928,52.992992993,1,0.3,0.05,3,
14.774774775,68.288288288,1,0.3,0.05,3,
45.720720721,90.550550551,1,0.3,0.05,3,
5.4954954955,47.387387387,1,0.3,0.05,3,
43.828828829,31.851851852,1,0.3,0.05,3,
37.297297297,65.325325325,1,0.3,0.05,3,
43.558558559,62.042042042,1,0.3,0.05,3,
20.810810811,24.804804805,1,0.3,0.05,3,
19.864864865,42.662662663,1,0.3,0.05,3,
41.306306306,74.934934935,1,0.3,0.05,3,
39.81981982,51.631631632,1,0.3,0.05,3,
13.198198198,96.156156156,1,0.3,0.05,3,
22.792792793,67.007007007,1,0.3,0.05,3,
29.864864865,83.343343343,1,0.3,0.05,3,
29.054054054,86.466466466,1,0.3,0.05,3,
46.396396396,53.313313313,1,0.3,0.05,3,
37.702702703,52.672672673,1,0.3,0.05,3,
42.387387387,57.877877878,1,0.3,0.05,3,
8.018018018,34.734734735,1,0.3,0.05,3,
33.558558559,84.064064064,1,0.3,0.05,3,
24.189189189,72.692692693,1,0.3,0.05,3,
18.018018018,80.46046046,1,0.3,0.05,3,
23.558558559,62.602602603,1,0.3,0.05,3,
13.513513514,52.032032032,1,0.3,0.05,3,
48.558558559,58.758758759,1,0.3,0.05,3,
16.396396396,42.262262262,1,0.3,0.05,3,
17.072072072,70.930930931,1,0.3,0.05,3,
15.225225225,47.867867868,1,0.3,0.05,3,
12.837837838,90.790790791,1,0.3,0.05,3,
32.927927928,53.793793794,1,0.3,0.05,3,
47.747747748,53.473473473,1,0.3,0.05,3,
36.036036036,71.571571572,1,0.3,0.05,3,
40,21.521521522,1,0.3,0.05,3,
36.261261261,62.442442442,1,0.3,0.05,3,
24.63963964,53.873873874,1,0.3,0.05,3,
11.306306306,56.596596597,1,0.3,0.05,3,
25.495495495,68.688688689,1,0.3,0.05,3,
42.657657658,43.543543544,1,0.3,0.05,3,
46.891891892,43.623623624,1,0.3,0.05,3,
47.972972973,65.085085085,1,0.3,0.05,3,
14.54954955,48.588588589,1,0.3,0.05,3,
29.459459459,44.104104104,1,0.3,0.05,3,
14.954954955,67.887887888,1,0.3,0.05,3,
31.756756757,29.369369369,1,0.3,0.05,3,
16.036036036,35.855855856,1,0.3,0.05,3,
39.324324324,23.683683684,1,0.3,0.05,3,
16.486486486,45.145145145,1,0.3,0.05,3,
15.855855856,81.901901902,1,0.3,0.05,3,
42.837837838,32.892892893,1,0.3,0.05,3,
9.8648648649,77.577577578,1,0.3,0.05,3,
49.279279279,41.861861862,1,0.3,0.05,3,
44.099099099,24.884884885,1,0.3,0.05,3,
19.72972973,27.527527528,1,0.3,0.05,3,
15.27027027,85.265265265,1,0.3,0.05,3,
10.495495495,85.425425425,1,0.3,0.05,3,
8.8288288288,76.216216216,1,0.3,0.05,3,
13.153153153,78.138138138,1,0.3,0.05,3,
7.3423423423,99.67967968,1,0.3,0.05,3,
40.630630631,57.237237237,1,0.3,0.05,3,
46.801801802,39.219219219,1,0.3,0.05,3,
21.396396396,62.202202202,1,0.3,0.05,3,
27.387387387,57.397397397,1,0.3,0.05,3,
17.522522523,63.483483483,1,0.3,0.05,3,
47.882882883,82.942942943,1,0.3,0.05,3,
34.81981982,40.980980981,1,0.3,0.05,3,
38.963963964,55.715715716,1,0.3,0.05,3,
33.063063063,73.573573574,1,0.3,0.05,3,
46.936936937,80.06006006,1,0.3,0.05,3,
5.8558558559,75.255255255,1,0.3,0.05,3,
42.072072072,93.993993994,1,0.3,0.05,3,
24.864864865,83.983983984,1,0.3,0.05,3,
45.900900901,95.835835836,1,0.3,0.05,3,
41.981981982,99.039039039,1,0.3,0.05,3,
5.7207207207,79.419419419,1,0.3,0.05,3,
36.351351351,88.388388388,1,0.3,0.05,3,
34.144144144,22.402402402,1,0.3,0.05,3,
46.126126126,44.664664665,1,0.3,0.05,3,
27.972972973,42.742742743,1,0.3,0.05,3,
40.495495495,41.781781782,1,0.3,0.05,3,
8.2882882883,52.832832833,1,0.3,0.05,3,
8.4234234234,35.535535536,1,0.3,0.05,3,
23.378378378,75.735735736,1,0.3,0.05,3,
22.117117117,57.717717718,1,0.3,0.05,3,
47.297297297,80.780780781,1,0.3,0.05,3,
14.324324324,77.337337337,1,0.3,0.05,3,
29.504504505,68.768768769,1,0.3,0.05,3,
47.702702703,84.624624625,1,0.3,0.05,3,
30.945945946,75.415415415,1,0.3,0.05,3,
30.720720721,28.328328328,1,0.3,0.05,3,
41.666666667,96.956956957,1,0.3,0.05,3,
19.81981982,66.766766767,1,0.3,0.05,3,
24.504504505,73.493493493,1,0.3,0.05,3,
18.648648649,70.37037037,1,0.3,0.05,3,
31.081081081,28.168168168,1,0.3,0.05,3,
17.837837838,39.61961962,1,0.3,0.05,3,
10.09009009,47.147147147,1,0.3,0.05,3,
25.225225225,46.106106106,1,0.3,0.05,3,
38.738738739,20.640640641,1,0.3,0.05,3,
19.774774775,49.149149149,1,0.3,0.05,3,
17.297297297,31.211211211,1,0.3,0.05,3,
36.891891892,81.501501502,1,0.3,0.05,3,
49.504504505,35.455455455,1,0.3,0.05,3,
43.333333333,72.772772773,1,0.3,0.05,3,
13.333333333,58.918918919,1,0.3,0.05,3,
47.207207207,47.307307307,1,0.3,0.05,3,
20.990990991,86.626626627,1,0.3,0.05,3,
30.045045045,25.925925926,1,0.3,0.05,3,
37.972972973,59.63963964,1,0.3,0.05,3,
49.459459459,54.034034034,1,0.3,0.05,3,
25.18018018,54.354354354,1,0.3,0.05,3,
16.531531532,86.306306306,1,0.3,0.05,3,
17.927927928,48.348348348,1,0.3,0.05,3,
41.846846847,42.582582583,1,0.3,0.05,3,
24.009009009,81.581581582,1,0.3,0.05,3,
36.621621622,98.478478478,1,0.3,0.05,3,
7.972972973,97.997997998,1,0.3,0.05,3,
6.9369369369,59.7997998,1,0.3,0.05,3,
5.9009009009,58.998998999,1,0.3,0.05,3,
10.045045045,54.754754755,1,0.3,0.05,3,
47.432432432,39.139139139,1,0.3,0.05,3,
25.09009009,25.525525526,1,0.3,0.05,3,
32.162162162,39.379379379,1,0.3,0.05,3,
44.594594595,26.486486486,1,0.3,0.05,3,
7.4324324324,78.298298298,1,0.3,0.05,3,
16.171171171,24.244244244,1,0.3,0.05,3,
33.423423423,69.089089089,1,0.3,0.05,3,
23.873873874,37.537537538,1,0.3,0.05,3,
8.1981981982,34.814814815,1,0.3,0.05,3,
40.405405405,74.694694695,1,0.3,0.05,3,
25.630630631,88.788788789,1,0.3,0.05,3,
26.756756757,67.167167167,1,0.3,0.05,3,
19.459459459,74.054054054,1,0.3,0.05,3,
7.7477477477,40.500500501,1,0.3,0.05,3,
12.432432432,73.813813814,1,0.3,0.05,3,
7.6126126126,27.207207207,1,0.3,0.05,3,
34.324324324,59.239239239,1,0.3,0.05,3,
34.369369369,69.96996997,1,0.3,0.05,3,
28.288288288,64.444444444,1,0.3,0.05,3,
31.531531532,82.702702703,1,0.3,0.05,3,
31.621621622,81.421421421,1,0.3,0.05,3,
29.72972973,40.900900901,1,0.3,0.05,3,
7.6576576577,98.718718719,1,0.3,0.05,3,
5.4054054054,41.701701702,1,0.3,0.05,3,
40.945945946,71.811811812,1,0.3,0.05,3,
9.5945945946,84.464464464,1,0.3,0.05,3,
20.630630631,38.818818819,1,0.3,0.05,3,
21.171171171,42.982982983,1,0.3,0.05,3,
49.954954955,43.223223223,1,0.3,0.05,3,
34.099099099,68.848848849,1,0.3,0.05,3,
23.648648649,69.56956957,1,0.3,0.05,3,
23.468468468,27.367367367,1,0.3,0.05,3,
48.063063063,64.124124124,1,0.3,0.05,3,
29.81981982,46.906906907,1,0.3,0.05,3,
36.711711712,44.184184184,1,0.3,0.05,3,
7.027027027,45.545545546,1,0.3,0.05,3,
40.675675676,38.018018018,1,0.3,0.05,3,
32.117117117,66.286286286,1,0.3,0.05,3,
34.684684685,37.697697698,1,0.3,0.05,3,
25.900900901,55.475475475,1,0.3,0.05,3,
5.0900900901,61.561561562,1,0.3,0.05,3,
38.333333333,50.750750751,1,0.3,0.05,3,
20.945945946,40.02002002,1,0.3,0.05,3,
14.189189189,31.771771772,1,0.3,0.05,3,
45.585585586,36.896896897,1,0.3,0.05,3,
11.666666667,51.071071071,1,0.3,0.05,3,
8.0630630631,35.375375375,1,0.3,0.05,3,
41.936936937,46.986986987,1,0.3,0.05,3,
21.441441441,66.606606607,1,0.3,0.05,3,
37.117117117,65.165165165,1,0.3,0.05,3,
17.657657658,95.115115115,1,0.3,0.05,3,
47.072072072,76.376376376,1,0.3,0.05,3,
13.828828829,28.808808809,1,0.3,0.05,3,
35.45045045,84.864864865,1,0.3,0.05,3,
46.486486486,24.004004004,1,0.3,0.05,3,
15.09009009,99.279279279,1,0.3,0.05,3,
31.711711712,52.112112112,1,0.3,0.05,3,
39.774774775,81.101101101,1,0.3,0.05,3,
49.324324324,55.395395395,1,0.3,0.05,3,
13.108108108,30.01001001,1,0.3,0.05,3,
7.2072072072,31.371371371,1,0.3,0.05,3,
37.657657658,48.028028028,1,0.3,0.05,3,
30.810810811,34.894894895,1,0.3,0.05,3,
43.693693694,91.911911912,1,0.3,0.05,3,
35.765765766,97.277277277,1,0.3,0.05,3,
40.900900901,87.667667668,1,0.3,0.05,3,
32.027027027,42.022022022,1,0.3,0.05,3,
30.675675676,32.412412412,1,0.3,0.05,3,
26.891891892,77.177177177,1,0.3,0.05,3,
44.324324324,94.794794795,1,0.3,0.05,3,
46.216216216,37.777777778,1,0.3,0.05,3,
7.9279279279,49.54954955,1,0.3,0.05,3,
36.666666667,67.087087087,1,0.3,0.05,3,
30.855855856,94.074074074,1,0.3,0.05,3,
20.45045045,95.755755756,1,0.3,0.05,3,
41.171171171,70.21021021,1,0.3,0.05,3,
33.873873874,28.248248248,1,0.3,0.05,3,
20.27027027,63.243243243,1,0.3,0.05,3,
47.927927928,76.536536537,1,0.3,0.05,3,
17.342342342,78.938938939,1,0.3,0.05,3,
24.81981982,23.443443443,1,0.3,0.05,3,
44.684684685,24.164164164,1,0.3,0.05,3,
38.828828829,41.541541542,1,0.3,0.05,3,
29.63963964,29.68968969,1,0.3,0.05,3,
46.261261261,44.984984985,1,0.3,0.05,3,
6.2162162162,35.135135135,1,0.3,0.05,3,
29.54954955,37.937937938,1,0.3,0.05,3,
6.3963963964,57.477477477,1,0.3,0.05,3,
42.432432432,64.204204204,1,0.3,0.05,3,
28.018018018,77.817817818,1,0.3,0.05,3,
47.567567568,94.634634635,1,0.3,0.05,3,
12.297297297,24.324324324,1,0.3,0.05,3,
31.171171171,33.373373373,1,0.3,0.05,3,
10.18018018,79.259259259,1,0.3,0.05,3,
11.171171171,51.871871872,1,0.3,0.05,3,
29.954954955,21.921921922,1,0.3,0.05,3,
44.054054054,60.2002002,1,0.3,0.05,3,
45.765765766,30.730730731,1,0.3,0.05,3,
16.261261261,59.55955956,1,0.3,0.05,3,
22.747747748,22.482482482,1,0.3,0.05,3,
39.414414414,71.971971972,1,0.3,0.05,3,
19.189189189,94.314314314,1,0.3,0.05,3,
29.234234234,53.073073073,1,0.3,0.05,3,
41.261261261,86.706706707,1,0.3,0.05,3,
22.837837838,30.970970971,1,0.3,0.05,3,
39.369369369,36.016016016,1,0.3,0.05,3,
8.6486486486,98.398398398,1,0.3,0.05,3,
27.882882883,64.684684685,1,0.3,0.05,3,
45.135135135,96.396396396,1,0.3,0.05,3,
40.045045045,36.976976977,1,0.3,0.05,3,
38.558558559,87.267267267,1,0.3,0.05,3,
43.018018018,28.968968969,1,0.3,0.05,3,
47.522522523,24.644644645,1,0.3,0.05,3,
31.981981982,59.159159159,1,0.3,0.05,3,
21.216216216,92.232232232,1,0.3,0.05,3,
32.747747748,79.099099099,1,0.3,0.05,3,
29.279279279,64.844844845,1,0.3,0.05,3,
6.3063063063,66.366366366,1,0.3,0.05,3,
13.603603604,88.308308308,1,0.3,0.05,3,
14.414414414,87.107107107,1,0.3,0.05,3,
48.603603604,88.228228228,1,0.3,0.05,3,
45.630630631,21.361361361,1,0.3,0.05,3,
38.603603604,36.576576577,1,0.3,0.05,3,
18.333333333,26.086086086,1,0.3,0.05,3,
6.6216216216,38.578578579,1,0.3,0.05,3,
12.792792793,65.885885886,1,0.3,0.05,3,
12.027027027,48.748748749,1,0.3,0.05,3,
44.009009009,61.801801802,1,0.3,0.05,3,
24.099099099,77.017017017,1,0.3,0.05,3,
22.522522523,86.866866867,1,0.3,0.05,3,
46.711711712,49.069069069,1,0.3,0.05,3,
23.198198198,80.620620621,1,0.3,0.05,3,
19.90990991,99.91991992,1,0.3,0.05,3,
9.1891891892,32.492492492,1,0.3,0.05,3,
41.711711712,80.860860861,1,0.3,0.05,3,
13.648648649,91.031031031,1,0.3,0.05,3,
31.306306306,79.57957958,1,0.3,0.05,3,
17.747747748,67.327327327,1,0.3,0.05,3,
22.342342342,73.733733734,1,0.3,0.05,3,
46.756756757,62.842842843,1,0.3,0.05,3,
25.405405405,95.515515516,1,0.3,0.05,3,
17.567567568,58.278278278,1,0.3,0.05,3,
39.009009009,67.807807808,1,0.3,0.05,3,
45.945945946,54.274274274,1,0.3,0.05,3,
26.441441441,94.234234234,1,0.3,0.05,3,
28.603603604,60.04004004,1,0.3,0.05,3,
18.153153153,38.258258258,1,0.3,0.05,3,
36.396396396,92.792792793,1,0.3,0.05,3,
10.900900901,40.660660661,1,0.3,0.05,3,
28.828828829,95.595595596,1,0.3,0.05,3,
6.5315315315,78.378378378,1,0.3,0.05,3,
12.387387387,47.707707708,1,0.3,0.05,3,
38.693693694,71.011011011,1,0.3,0.05,3,
41.486486486,26.166166166,1,0.3,0.05,3,
22.657657658,73.653653654,1,0.3,0.05,3,
22.297297297,79.339339339,1,0.3,0.05,3,
10.630630631,36.656656657,1,0.3,0.05,3,
24.279279279,73.093093093,1,0.3,0.05,3,
13.378378378,30.49049049,1,0.3,0.05,3,
45.990990991,75.815815816,1,0.3,0.05,3,
28.063063063,91.431431431,1,0.3,0.05,3,
14.009009009,42.102102102,1,0.3,0.05,3,
10.36036036,85.745745746,1,0.3,0.05,3,
46.846846847,28.728728729,1,0.3,0.05,3,
43.648648649,87.907907908,1,0.3,0.05,3,
19.954954955,65.485485485,1,0.3,0.05,3,
5.4504504505,66.926926927,1,0.3,0.05,3,
12.162162162,26.886886887,1,0.3,0.05,3,
45.810810811,55.155155155,1,0.3,0.05,3,
8.1531531532,74.294294294,1,0.3,0.05,3,
33.963963964,71.731731732,1,0.3,0.05,3,
6.6666666667,39.85985986,1,0.3,0.05,3,
40.27027027,88.708708709,1,0.3,0.05,3,
22.927927928,56.276276276,1,0.3,0.05,3,
22.567567568,51.791791792,1,0.3,0.05,3,
41.396396396,66.846846847,1,0.3,0.05,3,
31.126126126,41.381381381,1,0.3,0.05,3,
40.135135135,32.332332332,1,0.3,0.05,3,
37.162162162,20.32032032,1,0.3,0.05,3,
35.720720721,63.403403403,1,0.3,0.05,3,
8.3783783784,94.554554555,1,0.3,0.05,3,
7.1621621622,22.722722723,1,0.3,0.05,3,
49.684684685,86.066066066,1,0.3,0.05,3,
10.585585586,60.44044044,1,0.3,0.05,3,
19.369369369,75.495495495,1,0.3,0.05,3,
30.990990991,65.725725726,1,0.3,0.05,3,
12.252252252,48.988988989,1,0.3,0.05,3,
22.072072072,73.253253253,1,0.3,0.05,3,
22.972972973,46.506506507,1,0.3,0.05,3,
38.378378378,54.514514515,1,0.3,0.05,3,
43.513513514,94.474474474,1,0.3,0.05,3,
44.369369369,93.593593594,1,0.3,0.05,3,
42.252252252,46.186186186,1,0.3,0.05,3,
30.900900901,25.205205205,1,0.3,0.05,3,
32.072072072,42.822822823,1,0.3,0.05,3,
28.918918919,98.958958959,1,0.3,0.05,3,
40.585585586,38.498498498,1,0.3,0.05,3,
24.324324324,37.297297297,1,0.3,0.05,3,
39.954954955,36.176176176,1,0.3,0.05,3,
41.441441441,34.574574575,1,0.3,0.05,3,
12.477477477,97.517517518,1,0.3,0.05,3,
37.342342342,52.512512513,1,0.3,0.05,3,
24.234234234,52.912912913,1,0.3,0.05,3,
26.801801802,98.798798799,1,0.3,0.05,3,
27.837837838,99.439439439,1,0.3,0.05,3,
13.468468468,77.657657658,1,0.3,0.05,3,
48.513513514,48.908908909,1,0.3,0.05,3,
31.351351351,32.652652653,1,0.3,0.05,3,
43.063063063,61.641641642,1,0.3,0.05,3,
44.63963964,84.784784785,1,0.3,0.05,3,
46.441441441,71.651651652,1,0.3,0.05,3,
30.27027027,42.342342342,1,0.3,0.05,3,
49.864864865,84.304304304,1,0.3,0.05,3,
43.108108108,33.053053053,1,0.3,0.05,3,
41.036036036,58.358358358,1,0.3,0.05,3,
15.45045045,80.940940941,1,0.3,0.05,3,
28.108108108,72.852852853,1,0.3,0.05,3,
48.423423423,30.650650651,1,0.3,0.05,3,
25.585585586,50.990990991,1,0.3,0.05,3,
20.315315315,61.481481481,1,0.3,0.05,3,
8.7387387387,73.013013013,1,0.3,0.05,3,
21.981981982,61.961961962,1,0.3,0.05,3,
20.405405405,79.179179179,1,0.3,0.05,3,
45.27027027,77.417417417,1,0.3,0.05,3,
34.954954955,89.58958959,1,0.3,0.05,3,
49.81981982,76.696696697,1,0.3,0.05,3,
23.693693694,90.07007007,1,0.3,0.05,3,
27.117117117,74.374374374,1,0.3,0.05,3,
42.342342342,47.227227227,1,0.3,0.05,3,
36.981981982,95.355355355,1,0.3,0.05,3,
19.414414414,88.148148148,1,0.3,0.05,3,
43.963963964,62.122122122,1,0.3,0.05,3,
44.72972973,56.996996997,1,0.3,0.05,3,
23.783783784,60.840840841,1,0.3,0.05,3,
39.189189189,93.433433433,1,0.3,0.05,3,
46.576576577,59.319319319,1,0.3,0.05,3,
16.126126126,60.12012012,1,0.3,0.05,3,
16.621621622,50.11011011,1,0.3,0.05,3,
11.576576577,50.910910911,1,0.3,0.05,3,
13.018018018,24.484484484,1,0.3,0.05,3,
17.972972973,23.363363363,1,0.3,0.05,3,
16.891891892,32.012012012,1,0.3,0.05,3,
9.4144144144,27.287287287,1,0.3,0.05,3,
21.621621622,23.763763764,1,0.3,0.05,3,
11.981981982,21.121121121,1,0.3,0.05,3,
42.207207207,85.505505506,1,0.3,0.05,3,
44.864864865,97.037037037,1,0.3,0.05,3,
10.45045045,89.74974975,1,0.3,0.05,3,
15.675675676,81.261261261,1,0.3,0.05,3,
37.477477477,61.161161161,1,0.3,0.05,3,
5.2252252252,82.542542543,1,0.3,0.05,3,
49.189189189,22.002002002,1,0.3,0.05,3,
45.315315315,44.504504505,1,0.3,0.05,3,
21.306306306,76.616616617,1,0.3,0.05,3,
13.783783784,72.292292292,1,0.3,0.05,3,
5.1801801802,73.973973974,1,0.3,0.05,3,
15.495495495,39.299299299,1,0.3,0.05,3,
17.207207207,75.095095095,1,0.3,0.05,3,
30.135135135,35.695695696,1,0.3,0.05,3,
15.36036036,36.336336336,1,0.3,0.05,3,
41.126126126,41.461461461,1,0.3,0.05,3,
9.009009009,22.882882883,1,0.3,0.05,3,
18.288288288,26.006006006,1,0.3,0.05,3,
43.198198198,60.760760761,1,0.3,0.05,3,
26.036036036,87.827827828,1,0.3,0.05,3,
37.432432432,72.212212212,1,0.3,0.05,3,
28.873873874,99.119119119,1,0.3,0.05,3,
26.486486486,100,1,0.3,0.05,3,
6.4864864865,92.952952953,1,0.3,0.05,3,
21.081081081,56.916916917,1,0.3,0.05,3,
43.423423423,74.854854855,1,0.3,0.05,3,
9.7297297297,46.026026026,1,0.3,0.05,3,
38.153153153,63.163163163,1,0.3,0.05,3,
35.225225225,87.427427427,1,0.3,0.05,3,
28.198198198,84.544544545,1,0.3,0.05,3,
8.2432432432,63.963963964,1,0.3,0.05,3,
25.945945946,96.796796797,1,0.3,0.05,3,
44.504504505,47.627627628,1,0.3,0.05,3,
43.603603604,70.770770771,1,0.3,0.05,3,
25,72.932932933,1,0.3,0.05,3,
32.837837838,96.636636637,1,0.3,0.05,3,
23.828828829,21.601601602,1,0.3,0.05,3,
19.279279279,71.411411411,1,0.3,0.05,3,
22.432432432,45.305305305,1,0.3,0.05,3,
47.162162162,85.345345345,1,0.3,0.05,3,
21.126126126,41.141141141,1,0.3,0.05,3,
31.666666667,80.14014014,1,0.3,0.05,3,
41.756756757,78.458458458,1,0.3,0.05,3,
7.1171171171,43.383383383,1,0.3,0.05,3,
16.576576577,83.103103103,1,0.3,0.05,3,
44.774774775,48.268268268,1,0.3,0.05,3,
28.558558559,64.604604605,1,0.3,0.05,3,
35.540540541,25.605605606,1,0.3,0.05,3,
5.3153153153,88.068068068,1,0.3,0.05,3,
12.207207207,90.870870871,1,0.3,0.05,3,
16.846846847,61.881881882,1,0.3,0.05,3,
22.252252252,36.416416416,1,0.3,0.05,3,
13.738738739,49.94994995,1,0.3,0.05,3,
48.108108108,41.061061061,1,0.3,0.05,3,
41.081081081,26.726726727,1,0.3,0.05,3,
28.423423423,54.194194194,1,0.3,0.05,3,
34.054054054,63.643643644,1,0.3,0.05,3,
43.468468468,35.055055055,1,0.3,0.05,3,
15,86.226226226,1,0.3,0.05,3,
24.594594595,33.533533534,1,0.3,0.05,3,
46.306306306,25.685685686,1,0.3,0.05,3,
12.657657658,71.331331331,1,0.3,0.05,3,
26.531531532,20.720720721,1,0.3,0.05,3,
48.198198198,27.447447447,1,0.3,0.05,3,
23.513513514,63.803803804,1,0.3,0.05,3,
39.144144144,95.275275275,1,0.3,0.05,3,
26.081081081,48.428428428,1,0.3,0.05,3,
43.243243243,21.761761762,1,0.3,0.05,3,
8.4684684685,76.296296296,1,0.3,0.05,3,
44.459459459,22.322322322,1,0.3,0.05,3,
27.522522523,83.823823824,1,0.3,0.05,3,
26.576576577,70.29029029,1,0.3,0.05,3,
6.8018018018,89.189189189,1,0.3,0.05,3,
48.333333333,33.773773774,1,0.3,0.05,3,
5.6306306306,82.622622623,1,0.3,0.05,3,
6.7567567568,26.966966967,1,0.3,0.05,3,
27.612612613,43.863863864,1,0.3,0.05,3,
36.306306306,78.698698699,1,0.3,0.05,3,
25.36036036,31.611611612,1,0.3,0.05,3,
14.684684685,28.888888889,1,0.3,0.05,3,
11.801801802,59.079079079,1,0.3,0.05,3,
32.477477477,25.285285285,1,0.3,0.05,3,
14.81981982,93.273273273,1,0.3,0.05,3,
12.747747748,78.538538539,1,0.3,0.05,3,
42.747747748,53.633633634,1,0.3,0.05,3,
23.603603604,43.143143143,1,0.3,0.05,3,
14.369369369,34.334334334,1,0.3,0.05,3,
21.036036036,92.392392392,1,0.3,0.05,3,
31.486486486,27.927927928,1,0.3,0.05,3,
26.261261261,74.774774775,1,0.3,0.05,3,
33.153153153,67.247247247,1,0.3,0.05,3,
6.4414414414,53.393393393,1,0.3,0.05,3,
6.1261261261,83.423423423,1,0.3,0.05,3,
46.981981982,78.218218218,1,0.3,0.05,3,
31.396396396,29.129129129,1,0.3,0.05,3,
28.738738739,99.359359359,1,0.3,0.05,3,
35.045045045,40.18018018,1,0.3,0.05,3,
34.459459459,59.87987988,1,0.3,0.05,3,
17.252252252,98.878878879,1,0.3,0.05,3,
14.594594595,52.432432432,1,0.3,0.05,3,
36.801801802,44.584584585,1,0.3,0.05,3,
25.810810811,52.192192192,1,0.3,0.05,3,
29.099099099,90.710710711,1,0.3,0.05,3,
20.36036036,66.126126126,1,0.3,0.05,3,
38.063063063,70.13013013,1,0.3,0.05,3,
35.990990991,68.528528529,1,0.3,0.05,3,
24.144144144,45.065065065,1,0.3,0.05,3,
48.828828829,25.765765766,1,0.3,0.05,3,
42.162162162,56.516516517,1,0.3,0.05,3,
30.540540541,22.962962963,1,0.3,0.05,3,
24.459459459,40.26026026,1,0.3,0.05,3,
32.297297297,73.333333333,1,0.3,0.05,3,
40.09009009,55.075075075,1,0.3,0.05,3,
12.882882883,63.003003003,1,0.3,0.05,3,
5.5855855856,52.272272272,1,0.3,0.05,3,
25.135135135,51.951951952,1,0.3,0.05,3,
37.522522523,21.441441441,1,0.3,0.05,3,
34.90990991,98.238238238,1,0.3,0.05,3,
30.09009009,38.898898899,1,0.3,0.05,3,
47.477477477,47.067067067,1,0.3,0.05,3,
10.945945946,81.741741742,1,0.3,0.05,3,
23.423423423,65.245245245,1,0.3,0.05,3,
33.333333333,36.496496496,1,0.3,0.05,3,
47.252252252,64.924924925,1,0.3,0.05,3,
39.684684685,82.782782783,1,0.3,0.05,3,
39.099099099,23.923923924,1,0.3,0.05,3,
7.8828828829,94.714714715,1,0.3,0.05,3,
40.45045045,49.62962963,1,0.3,0.05,3,
43.918918919,72.452452452,1,0.3,0.05,3,
33.603603604,44.344344344,1,0.3,0.05,3,
19.54954955,50.670670671,1,0.3,0.05,3,
40.765765766,76.936936937,1,0.3,0.05,3,
27.567567568,40.1001001,1,0.3,0.05,3,
6.036036036,25.045045045,1,0.3,0.05,3,
20.09009009,48.108108108,1,0.3,0.05,3,
35.135135135,93.673673674,1,0.3,0.05,3,
20.720720721,49.389389389,1,0.3,0.05,3,
45.36036036,31.931931932,1,0.3,0.05,3,
10.765765766,59.71971972,1,0.3,0.05,3,
32.972972973,27.687687688,1,0.3,0.05,3,
39.504504505,27.607607608,1,0.3,0.05,3,
9.6396396396,24.404404404,1,0.3,0.05,3,
45.675675676,46.666666667,1,0.3,0.05,3,
39.90990991,45.385385385,1,0.3,0.05,3,
41.531531532,99.5995996,1,0.3,0.05,3,
39.459459459,96.316316316,1,0.3,0.05,3,
48.648648649,30.810810811,1,0.3,0.05,3,
8.963963964,58.118118118,1,0.3,0.05,3,
38.423423423,89.66966967,1,0.3,0.05,3,
33.198198198,52.352352352,1,0.3,0.05,3,
12.927927928,28.008008008,1,0.3,0.05,3,
5.2702702703,83.583583584,1,0.3,0.05,3,
9.2792792793,93.833833834,1,0.3,0.05,3,
23.153153153,87.027027027,1,0.3,0.05,3,
44.234234234,38.338338338,1,0.3,0.05,3,
39.279279279,38.178178178,1,0.3,0.05,3,
13.963963964,56.756756757,1,0.3,0.05,3,
7.7027027027,83.503503504,1,0.3,0.05,3,
34.72972973,26.806806807,1,0.3,0.05,3,
43.288288288,31.051051051,1,0.3,0.05,3,
26.936936937,86.786786787,1,0.3,0.05,3,
5.9459459459,70.850850851,1,0.3,0.05,3,
9.3693693694,55.235235235,1,0.3,0.05,3,
11.396396396,44.024024024,1,0.3,0.05,3,
45,97.117117117,1,0.3,0.05,3,
26.396396396,64.364364364,1,0.3,0.05,3,
18.603603604,63.883883884,1,0.3,0.05,3,
41.351351351,87.347347347,1,0.3,0.05,3,
11.891891892,82.382382382,1,0.3,0.05,3,
27.927927928,54.594594595,1,0.3,0.05,3,
10,79.019019019,1,0.3,0.05,3,
31.216216216,31.291291291,1,0.3,0.05,3,
49.144144144,76.856856857,1,0.3,0.05,3,
25.855855856,21.041041041,1,0.3,0.05,3,
21.891891892,30.890890891,1,0.3,0.05,3,
49.90990991,69.489489489,1,0.3,0.05,3,
17.792792793,89.349349349,1,0.3,0.05,3,
9.5045045045,26.646646647,1,0.3,0.05,3,
25.315315315,44.264264264,1,0.3,0.05,3,
29.90990991,20.08008008,1,0.3,0.05,3,
8.6036036036,91.271271271,1,0.3,0.05,3,
28.153153153,43.063063063,1,0.3,0.05,3,
33.693693694,66.686686687,1,0.3,0.05,3,
30.630630631,74.534534535,1,0.3,0.05,3,
27.162162162,34.974974975,1,0.3,0.05,3,
20.855855856,69.249249249,1,0.3,0.05,3,
25.540540541,69.409409409,1,0.3,0.05,3,
47.117117117,95.435435435,1,0.3,0.05,3,
48.288288288,96.716716717,1,0.3,0.05,3,
49.054054054,29.76976977,1,0.3,0.05,3,
25.720720721,83.743743744,1,0.3,0.05,3,
24.414414414,22.802802803,1,0.3,0.05,3,
35.810810811,80.38038038,1,0.3,0.05,3,
14.099099099,64.044044044,1,0.3,0.05,3,
6.8468468468,65.405405405,1,0.3,0.05,3,
36.936936937,72.532532533,1,0.3,0.05,3,
14.72972973,62.282282282,1,0.3,0.05,3,
6.3513513514,61.401401401,1,0.3,0.05,3,
38.513513514,65.565565566,1,0.3,0.05,3,
19.144144144,56.196196196,1,0.3,0.05,3,
46.531531532,77.257257257,1,0.3,0.05,3,
11.261261261,55.635635636,1,0.3,0.05,3,
10.405405405,56.836836837,1,0.3,0.05,3,
10.540540541,23.123123123,1,0.3,0.05,3,
12.342342342,87.587587588,1,0.3,0.05,3,
43.783783784,65.805805806,1,0.3,0.05,3,
35.675675676,83.903903904,1,0.3,0.05,3,
21.486486486,39.53953954,1,0.3,0.05,3,
24.369369369,37.857857858,1,0.3,0.05,3,
37.837837838,92.712712713,1,0.3,0.05,3,
48.963963964,78.618618619,1,0.3,0.05,3,
5.7657657658,68.048048048,1,0.3,0.05,3,
8.9189189189,39.459459459,1,0.3,0.05,3,
17.702702703,65.965965966,1,0.3,0.05,3,
21.846846847,70.690690691,1,0.3,0.05,3,
48.918918919,36.816816817,1,0.3,0.05,3,
11.441441441,54.914914915,1,0.3,0.05,3,
44.414414414,29.049049049,1,0.3,0.05,3,
16.216216216,99.83983984,1,0.3,0.05,3,
23.063063063,45.225225225,1,0.3,0.05,3,
11.486486486,55.875875876,1,0.3,0.05,3,
30.765765766,85.665665666,1,0.3,0.05,3,
16.801801802,69.80980981,1,0.3,0.05,3,
45.45045045,57.957957958,1,0.3,0.05,3,
12.117117117,80.3003003,1,0.3,0.05,3,
10.990990991,22.562562563,1,0.3,0.05,3,
33.288288288,37.457457457,1,0.3,0.05,3,
34.774774775,69.88988989,1,0.3,0.05,3,
38.108108108,97.917917918,1,0.3,0.05,3,
9.9099099099,96.556556557,1,0.3,0.05,3,
12.567567568,54.994994995,1,0.3,0.05,3,
7.2522522523,30.17017017,1,0.3,0.05,3,
5.1351351351,75.175175175,1,0.3,0.05,3,
37.612612613,92.872872873,1,0.3,0.05,3,
28.378378378,37.617617618,1,0.3,0.05,3,
21.756756757,35.215215215,1,0.3,0.05,3,
18.918918919,43.703703704,1,0.3,0.05,3,
16.936936937,49.309309309,1,0.3,0.05,3,
22.207207207,29.209209209,1,0.3,0.05,3,
22.612612613,84.384384384,1,0.3,0.05,3,
33.018018018,82.462462462,1,0.3,0.05,3,
31.261261261,49.86986987,1,0.3,0.05,3,
33.783783784,43.783783784,1,0.3,0.05,3,
31.576576577,37.217217217,1,0.3,0.05,3,
34.234234234,37.057057057,1,0.3,0.05,3,
32.612612613,28.088088088,1,0.3,0.05,3,
40.315315315,68.128128128,1,0.3,0.05,3,
38.243243243,22.162162162,1,0.3,0.05,3,
50,69.329329329,1,0.3,0.05,3,
9.5495495495,87.507507508,1,0.3,0.05,3,
30,89.50950951,1,0.3,0.05,3,
42.297297297,79.73973974,1,0.3,0.05,3,
7.5225225225,67.727727728,1,0.3,0.05,3,
15.945945946,96.476476476,1,0.3,0.05,3,
10.810810811,29.449449449,1,0.3,0.05,3,
6.7117117117,26.406406406,1,0.3,0.05,3,
9.0540540541,98.318318318,1,0.3,0.05,3,
39.54954955,84.144144144,1,0.3,0.05,3,
25.990990991,88.868868869,1,0.3,0.05,3,
7.0720720721,28.648648649,1,0.3,0.05,3,
40.990990991,34.414414414,1,0.3,0.05,3,
